0,0.999999999999998
0,0.999999999999874
0,0.999999999997324
0,0.999999999969222
0,0.999999999763897
0,0.999999998630156
0,0.999999993533152
0,0.999999974020713
0,0.999999909675593
0,0.999999716404548
0,0.999999186219118
0,0.999997863550879
0,0.999994912686623
0,0.999988276792668
0,0.999974388371114
0,0.999948702779701
0,0.999901114707426
0,0.99981548811291
0,0.999665993968337
0,0.999428954343464
0,0.999046518475566
0,0.998494924809152
0,0.997722379300549
0,0.9965585460315
0,0.99477365300518
0,0.99265238157203
0,0.989454887944668
0,0.985008188728907
0,0.978602500438398
0,0.971026662123517
0,0.961429453959896
0,0.952788906857806
0,0.937808775845816
0,0.922630173360707
0,0.903991824444792
0,0.880763158605857
0,0.859860925793522
0,0.823187803868578
0,0.779717654280425
0,0.741727265954228
0,0.690757381013204
0,0.637582620458321
0,0.594226300189433
0,0.541907445037773
1,0.510350984991526
1,0.574657235073574
1,0.629813354454749
1,0.695754305048823
1,0.763724235988819
1,0.800949382801171
1,0.870054805354802
1,0.919149045317412
1,0.981498840620263
1,0.999997032787197
1,0.999996177577169
1,0.999995090212373
1,0.999993711463771
1,0.999991967934443
1,0.999989768890655
1,0.999987002432236
1,0.999983530874357
1,0.999979185189914
1,0.999973758335111
1,0.999966997249885
1,0.999958593288997
1,0.99994817079813
1,0.999935273501466
1,0.999919348312158
1,0.999899726113762
1,0.999875598988232
1,0.999845993283264
1,0.999809737817518
1,0.999765426415303
1,0.999711373841607
1,0.99964556407263
1,0.99956558968537
1,0.999468580981632
1,0.999351123276757
1,0.999209160582034
1,0.999037883693491
1,0.998831600471695
1,0.998583585862328
1,0.998285908973619
1,0.997929234306032
1,0.997502594039178
1,0.996993128144557
1,0.996385789043857
1,0.995663007615674
1,0.994804317628368
1,0.993785936221218
1,0.992580298970144
1,0.991155549484693
1,0.989474985545767
1,0.987496466697075
1,0.985171792166893
1,0.982446063265222
1,0.979257051231148
1,0.975534600137241
1,0.97120010507377
1,0.966166118488855
1,0.96033615207798
1,0.953604757463655
1,0.945857985022419
1,0.936974334824319
1,0.926826324073217
1,0.915282797977369
1,0.902212100943285
1,0.887486196964706
1,0.870985776635737
1,0.852606309080197
1,0.832264888883618
1,0.809907594481654
1,0.785516926134782
1,0.75911874771576
1,0.730788044045705
1,0.700652756099069
1,0.668895000064299
1,0.635749132609295
1,0.601496393936439
1,0.566456216982036
1,0.530974684789154
2,0.504588576245965
2,0.539876521446552
2,0.574546423627678
2,0.608284043101396
2,0.640813501583602
2,0.67190450186055
2,0.701376301101635
2,0.729098563245934
2,0.754989497261561
2,0.779011868239456
2,0.80116754303753
2,0.821491216279052
2,0.840043881517679
2,0.856906494703093
2,0.872174147904522
2,0.885950949291676
2,0.898345702065108
2,0.909468395371607
2,0.919427464471526
2,0.928327742821652
2,0.936269011159461
2,0.943345043678347
2,0.94964305490355
2,0.955243459562795
2,0.9602198690467
2,0.964639260175675
2,0.968562263764475
2,0.972043531219272
2,0.975132146780643
2,0.977872060939463
2,0.980302527048556
2,0.982458528360088
2,0.984371186804323
2,0.986068147966033
2,0.987573939079649
2,0.988910298605279
2,0.990096477196807
2,0.991149510740831
2,0.992084466721767
2,0.992914665526738
2,0.993651878501462
2,0.994306504649933
2,0.994887727870798
2,0.995403656567868
2,0.995861447380819
2,0.996267414669103
2,0.996627127257775
2,0.99694549382578
2,0.997226838190274
2,0.997474965618177
2,0.997693221180514
2,0.99788454105742
2,0.998051497602541
2,0.998196338885079
2,0.998321023345779
2,0.998427250129238
2,0.9985164855887
2,0.998589986400251
2,0.998648819670587
2,0.998693880375623
2,0.998725906425574
2,0.99874549161531
2,0.998753096686099
2,0.99874905869606
2,0.998733598871057
2,0.998706829085286
2,0.998668757100816
2,0.998619290677758
2,0.998558240651114
2,0.998485323056557
2,0.99840016037517
2,0.998302281956301
2,0.998191123668051
2,0.99806602681637
2,0.997926236366075
2,0.997770898490331
2,0.997599057469093
2,0.997409651951583
2,0.99720151059311
2,0.99697334707224
2,0.99672375449058
2,0.996451199154096
2,0.996154013732006
2,0.995830389786816
2,0.995478369667
2,0.995095837752161
2,0.994680511039281
2,0.994229929057881
2,0.993741443101563
2,0.993212204763627
2,0.992639153765181
2,0.992019005065553
2,0.991348235246877
2,0.990623068167615
2,0.989839459883492
2,0.988993082839122
2,0.988079309339507
2,0.987093194317776
2,0.986029457424246
2,0.984882464472211
2,0.983646208288122
2,0.982314289028133
2,0.980879894039782
2,0.979335777366941
2,0.977674239018584
2,0.975887104147624
2,0.973965702315436
2,0.971900847051071
2,0.969682815951972
2,0.967301331615547
2,0.964745543738677
2,0.962004012775343
2,0.959064695601484
2,0.95591493370099
2,0.952541444457586
2,0.948930316214172
2,0.945067007843699
2,0.940936353663326
2,0.936522574615565
2,0.93180929673517
2,0.926779578016683
2,0.921415944892641
2,0.915700439623113
2,0.909614679979585
2,0.903139932675267
2,0.896257202043502
2,0.888947335488945
2,0.881191147224074
2,0.872969561746437
2,0.864263778399227
2,0.855055458176935
2,0.845326933676679
2,0.835061442741061
2,0.824243385877897
2,0.812858606964506
2,0.800894696041016
2,0.788341312163639
2,0.775190523325863
2,0.761437159371739
2,0.747079172638326
2,0.732117999803117
2,0.71655891711863
2,0.700411379945801
2,0.683689336320093
2,0.666411503281492
2,0.648601593964769
2,0.630288483077985
2,0.611506298493841
2,0.592294427330031
2,0.572697426173553
2,0.552764827054149
2,0.532550833399738
2,0.512113903470445
2,0.49151622257452
2,0.470823069570089
2,0.450102087552511
2,0.4294224729773
2,0.408854101506677
3,0.413605569835307
3,0.418652647490294
3,0.422795279648248
3,0.426005953363662
3,0.428266022283807
3,0.429565961936049
3,0.429905428833213
3,0.429293124468593
3,0.427746472609514
3,0.425291125012274
3,0.421960316402664
3,0.417794094015201
3,0.412838449987543
4,0.426912375624388
4,0.445849340494768
4,0.464696080431517
4,0.48340201809135
4,0.501919711735338
4,0.520205169299761
4,0.538218079669277
4,0.555921964676257
4,0.573284257254177
4,0.590276312596786
4,0.606873360131804
4,0.623054404645347
4,0.63880208504407
4,0.654102499078714
4,0.668945001941155
4,0.683321986051956
4,0.697228648636477
4,0.710662752897649
4,0.723624387776809
4,0.73611573048606
4,0.748140815223564
4,0.759705310766143
4,0.770816308984072
4,0.781482125747653
4,0.791712115196383
4,0.801516497917898
4,0.810906203231662
4,0.819892725486116
4,0.828487994051209
4,0.836704256513979
4,0.844553974456118
4,0.852049731102475
4,0.859204150071859
4,0.86602982443055
4,0.872539255239373
4,0.87874479879257
4,0.884658621767044
4,0.890292663530579
4,0.895658604894571
4,0.900767842638299
4,0.905631469176083
4,0.910260256784207
4,0.914664645850187
4,0.918854736651855
4,0.922840284217231
4,0.926630695857736
4,0.930235031006643
4,0.933662003031624
4,0.936919982724655
4,0.940017003204325
4,0.942960765995004
4,0.945758648074032
4,0.948417709702686
4,0.950944702878771
4,0.953346080268862
4,0.95562800449628
4,0.957796357677183
4,0.959856751111717
4,0.961814535050202
4,0.963674808465897
4,0.965442428776207
4,0.96712202146332
4,0.968717989553276
4,0.97023452291961
4,0.971675607383917
4,0.973045033591128
4,0.974346405642073
4,0.975583149470023
4,0.9767585209515
4,0.977875613744731
4,0.978937366851787
4,0.979946571902716
4,0.980905880161915
4,0.981817809258602
4,0.98268474964464
4,0.983508970784071
4,0.984292627079672
4,0.985037763542571
4,0.985746321211594
4,0.986420142329443
4,0.98706097528317
4,0.987670479316674
4,0.988250229023059
4,0.988801718624854
4,0.989326366050044
4,0.989825516811897
4,0.990300447700457
4,0.990752370293482
4,0.991182434294481
4,0.991591730705302
4,0.991981294840578
4,0.992352109191119
4,0.992705106143128
4,0.993041170559907
4,0.993361142232483
4,0.993665818205366
4,0.993955954983405
4,0.994232270625506
4,0.994495446730698
4,0.994746130321867
4,0.9949849356322
4,0.995212445799199
4,0.995429214470896
4,0.995635767328695
4,0.995832603531067
4,0.996020197082122
4,0.996198998128906
4,0.996369434191081
4,0.996531911326457
4,0.996686815235713
4,0.996834512309431
4,0.996975350620465
4,0.997109660864475
4,0.997237757251334
4,0.997359938349982
4,0.997476487889159
4,0.997587675516327
4,0.997693757516991
4,0.997794977496484
4,0.997891567026201
4,0.997983746256148
4,0.99807172449559
4,0.998155700763468
4,0.998235864310191
4,0.998312395112299
4,0.998385464341449
4,0.998455234809057
4,0.998521861387893
4,0.998585491411847
4,0.99864626505501
4,0.998704315691159
4,0.998759770234698
4,0.998812749464001
4,0.998863368328116
4,0.99891173623768
4,0.998957957340896
4,0.999002130785341
4,0.999044350966358
4,0.999084707762739
4,0.999123286760354
4,0.999160169464369
4,0.999195433500644
4,0.999229152806884
4,0.999261397814064
4,0.999292235618655
